0       -0.0577 1.6562  5.8121  -0.0704
1       -0.0575 1.6461  5.8156  -0.0710
2       -0.0500 1.7336  5.0109  -0.0724
3       -0.0432 1.5216  5.0496  -0.0549
4       -0.0575 1.6455  5.8140  -0.0711
5       -0.0323 1.1781  4.3169  -0.0481
6       -0.0310 1.1530  4.2051  -0.0448
7       -0.0340 0.8071  4.4786  -0.0459
8       -0.0323 1.1781  4.3169  -0.0481
9       -0.0294 1.2428  4.0251  -0.0420
10      -0.0339 0.8732  4.4243  -0.0451
11      -0.0322 1.1805  4.3085  -0.0479
12      -0.0323 1.1781  4.3169  -0.0481
13      -0.0323 1.1781  4.3169  -0.0481
14      -0.0323 1.1950  4.3136  -0.0477
15      -0.0323 1.1781  4.3169  -0.0481
16      -0.0576 1.6441  5.8166  -0.0713
17      -0.0323 1.1781  4.3169  -0.0481
18      -0.0320 1.2280  4.2806  -0.0471
19      -0.0323 1.1781  4.3169  -0.0481
20      -0.0222 1.4853  3.1529  -0.0316
21      -0.0217 1.4710  3.0862  -0.0307
22      -0.0216 1.4671  3.0714  -0.0307
23      -0.0204 1.3907  2.8995  -0.0292
24      -0.0237 1.5880  3.3855  -0.0342
25      -0.0254 1.6628  3.6164  -0.0369
26      -0.0246 1.6033  3.5010  -0.0355
27      -0.0051 0.3869  0.5356  -0.0056
28      -0.0072 0.2217  0.8037  -0.0103
29      -0.0056 0.4081  0.5951  -0.0062
30      -0.0060 0.2975  0.6428  -0.0081
31      -0.0213 0.1683  2.7405  -0.0286
32      -0.0117 0.0102  1.3786  -0.0157
33      -0.0208 0.1180  2.6361  -0.0279
34      -0.0294 0.5613  3.7782  -0.0436
35      -0.0152 0.0427  1.8694  -0.0188
36      -0.0237 0.2199  3.0652  -0.0324
37      -0.0129 0.0865  1.5655  -0.0174
38      -0.0105 -0.0032 1.1309  -0.0055
39      -0.0117 0.0102  1.3786  -0.0157
40      -0.0228 0.1764  2.9293  -0.0310
41      -0.0183 0.0962  2.2921  -0.0233
42      -0.0055 0.3548  0.5811  -0.0067
43      -0.0213 0.1683  2.7405  -0.0286
44      -0.0237 0.2199  3.0652  -0.0324
45      -0.0237 0.2199  3.0652  -0.0324
46      -0.0544 1.5698  4.7647  -0.0508
47      -0.0125 0.0458  1.4978  -0.0154
48      -0.0055 0.3548  0.5811  -0.0067
49      -0.0228 0.1764  2.9293  -0.0310
50      -0.0109 -0.0020 1.2333  -0.0109
51      -0.0117 0.0358  1.3903  -0.0157
52      -0.0228 0.1764  2.9293  -0.0310
53      -0.0117 0.0102  1.3786  -0.0157
54      -0.0051 0.3869  0.5356  -0.0056
55      -0.0123 0.0472  1.4368  -0.0157
56      -0.0119 0.0117  1.4172  -0.0159
57      -0.0115 0.0515  1.3680  -0.0160
58      -0.0211 0.2379  2.6639  -0.0282
59      -0.0089 -0.0024 0.9540  -0.0053
60      -0.0117 0.0102  1.3786  -0.0157
61      -0.0077 0.3583  0.7884  -0.0098
62      -0.0259 1.6553  3.6713  -0.0375
63      -0.0247 1.6454  3.5360  -0.0362
64      -0.0256 1.6626  3.6219  -0.0373
65      -0.0241 1.6163  3.4301  -0.0350
66      -0.0074 0.6086  0.8940  -0.0087
67      -0.0183 1.3718  2.5792  -0.0260
68      -0.0146 1.0713  1.9591  -0.0186
69      -0.0188 1.3750  2.6397  -0.0266
70      -0.0209 1.4673  2.9547  -0.0296
71      -0.0124 0.9612  1.6494  -0.0160
72      -0.0212 1.4679  3.0023  -0.0302
73      -0.0161 1.1196  2.2352  -0.0211
74      -0.0119 0.9419  1.5846  -0.0154
75      -0.0223 1.5179  3.1569  -0.0317
76      -0.0259 1.6728  3.6691  -0.0379
77      -0.0264 1.6787  3.7390  -0.0388
78      -0.0251 1.6627  3.5734  -0.0369
79      -0.0173 1.2543  2.4229  -0.0236
80      -0.0261 1.6613  3.7015  -0.0381
81      -0.0606 2.7525  4.4037  -0.1314
82      -0.0570 2.7152  4.3257  -0.1225
83      -0.0558 2.7143  4.2702  -0.1214
84      -0.0570 2.7152  4.3257  -0.1225
85      -0.0534 2.7058  4.2717  -0.1151
86      -0.0548 3.2140  3.2290  -0.1795
87      -0.0594 2.7237  4.3243  -0.1288
88      -0.0522 3.0358  3.4278  -0.1565
89      -0.0847 2.8453  5.3118  -0.1433
90      -0.0879 2.7035  5.3758  -0.1354
91      -0.0420 2.3917  3.5866  -0.0846
92      -0.0454 2.8255  2.8124  -0.1270
93      -0.0603 2.4810  4.7532  -0.1040
94      -0.0547 2.5602  4.3161  -0.1053
95      -0.0633 2.6405  4.4632  -0.1111
96      -0.0457 2.8419  2.7979  -0.1296
97      -0.0547 2.5602  4.3161  -0.1053
98      -0.0542 2.5539  4.3047  -0.1045
99      -0.0596 2.6208  4.3741  -0.1147
100     -0.0752 2.7851  5.0308  -0.1331
101     -0.0233 2.0077  2.2551  -0.0554
102     -0.0239 2.0463  2.3966  -0.0569
103     -0.1405 2.6174  -0.0063 -0.1917
104     -0.0271 2.1433  2.3825  -0.0671
105     -0.0271 2.1521  2.4042  -0.0668
106     -0.0607 2.7728  4.4340  -0.1350
107     -0.0180 1.7782  2.0252  -0.0409
108     -0.0180 1.7782  2.0252  -0.0409
109     -0.0180 1.7782  2.0252  -0.0409
110     0.5461  2.6325  -0.0134 3.5583
111     0.5461  2.6325  -0.0134 3.5583
112     0.5461  2.6325  -0.0134 3.5583
113     -0.0177 -0.0998 -0.0001 17.5794
114     0.5461  2.6325  -0.0134 3.5583
115     0.5461  2.6325  -0.0134 3.5583
116     -0.0370 -0.2222 0.0756  38.8985
117     0.5461  2.6325  -0.0134 3.5583
118     0.5461  2.6325  -0.0134 3.5583
119     1.8600  5.4617  -0.0363 8.6782
120     0.5461  2.6325  -0.0134 3.5583
121     -0.0370 -0.2222 0.0756  38.8985
122     0.5461  2.6325  -0.0134 3.5583
123     1.8600  5.4617  -0.0363 8.6782
124     -0.0370 -0.2222 0.0756  38.8985
125     7.0188  17.9803 -0.1299 30.7174
126     9.4376  24.6540 -0.1755 41.9633
127     9.4678  24.7227 -0.1761 42.0838
128     9.3255  23.9906 -0.1728 41.1348
129     8.9981  22.6784 -0.1662 39.2800
130     10.1965 26.4420 -0.1899 45.1034
131     6.8472  17.1717 -0.1263 29.5826
132     6.8472  17.1717 -0.1263 29.5826
133     6.8303  17.4379 -0.1264 29.8297
134     7.6248  19.0352 -0.1410 32.8238
135     9.4842  24.2444 -0.1756 41.6122
136     9.4842  24.2444 -0.1756 41.6122
137     6.8472  17.1717 -0.1263 29.5826
138     9.4842  24.2444 -0.1756 41.6122
139     9.4358  24.6552 -0.1755 41.9654
140     7.9172  20.8772 -0.1472 35.3778
141     9.4916  24.8699 -0.1768 42.2580
142     -0.0055 0.4861  0.5870  -0.0051
143     8.0787  19.7308 -0.1478 34.4349
144     6.2521  15.8854 -0.1157 27.2178
145     9.0919  23.5306 -0.1688 40.2731
146     9.4769  25.8286 -0.1776 43.0693
147     7.0188  17.9803 -0.1299 30.7174
148     7.9172  20.8772 -0.1472 35.3778
149     9.2701  22.6974 -0.1709 39.7977
150     8.1508  21.3372 -0.1512 36.2396
151     9.1083  23.0523 -0.1683 39.8015
152     7.0188  17.9803 -0.1299 30.7174
153     6.8472  17.1717 -0.1263 29.5826
154     -0.0058 0.5390  0.6475  -0.0049
155     -0.0067 0.6412  0.7580  -0.0066
156     10.3540 27.2459 -0.1934 46.2024
157     7.0188  17.9803 -0.1299 30.7174
158     6.8472  17.1717 -0.1263 29.5826
159     3.8979  10.1671 -0.0729 17.1892
160     9.0161  22.8413 -0.1666 39.4175
161     9.1083  23.0523 -0.1683 39.8015
162     7.0310  17.3920 -0.1293 30.1197
163     7.0188  17.9803 -0.1299 30.7174
164     9.1083  23.0523 -0.1683 39.8015
165     9.0919  23.5306 -0.1688 40.2731
166     9.8092  25.0866 -0.1830 43.2509
167     8.4500  21.5036 -0.1574 37.0591
168     9.1516  22.8636 -0.1683 39.5275
169     9.0919  23.5306 -0.1688 40.2731
170     9.4358  24.6552 -0.1755 41.9654
171     9.1157  23.6778 -0.1695 40.4473
172     9.9636  26.4532 -0.1867 44.7252