0       -0.0285 3.9993  -0.0307 6.7139
1       -0.0282 4.0047  -0.0309 6.7114
2       -0.0845 3.5124  -0.0139 1.6595
3       -0.0540 3.6146  -0.0107 4.4228
4       -0.0285 3.9993  -0.0307 6.7139
5       -0.0665 3.1593  0.2338  3.2080
6       -0.0656 3.0549  0.4278  2.9866
7       -0.0442 3.1728  -0.0136 5.8004
8       -0.0665 3.1593  0.2338  3.2080
9       -0.0616 2.7447  0.5921  2.7090
10      -0.0535 3.1227  -0.0075 4.8684
11      -0.0661 3.1866  0.2809  3.2757
12      -0.0665 3.1593  0.2338  3.2080
13      -0.0665 3.1593  0.2338  3.2080
14      -0.0664 3.1534  0.2232  3.1394
15      -0.0665 3.1593  0.2338  3.2080
16      -0.0282 4.0047  -0.0309 6.7114
17      -0.0665 3.1593  0.2338  3.2080
18      -0.0658 3.0722  0.2000  3.1354
19      -0.0665 3.1593  0.2338  3.2080
20      -0.0242 1.9793  0.5352  4.4763
21      -0.0236 1.9234  0.5450  4.4644
22      -0.0219 1.9266  0.5280  4.6321
23      -0.0192 2.0095  0.6948  5.0221
24      -0.0316 1.9010  0.4185  3.8136
25      -0.0356 1.9539  0.1960  3.6704
26      -0.0374 1.9059  0.3466  3.3262
27      0.7664  0.9334  3.0743  5.1059
28      0.0884  1.6252  3.2749  6.3797
29      0.7664  0.9334  3.0743  5.1059
30      0.2603  1.3779  3.4211  5.6940
31      -0.0674 2.9221  2.0045  3.7154
32      -0.0103 2.7686  3.2899  8.7055
33      -0.0619 3.1064  2.0146  4.5870
34      -0.0848 3.2496  0.9326  2.7602
35      -0.0483 2.5314  2.5089  4.3422
36      -0.0774 3.0291  1.7008  2.8969
37      -0.0114 2.7607  3.1508  8.7576
38      -0.0078 2.2364  3.4184  7.4037
39      -0.0103 2.7686  3.2899  8.7055
40      -0.0734 3.0259  1.7618  3.2557
41      -0.0603 2.6228  2.0729  3.2737
42      0.4914  1.2072  3.3075  5.4127
43      -0.0674 2.9221  2.0045  3.7154
44      -0.0774 3.0291  1.7008  2.8969
45      -0.0774 3.0291  1.7008  2.8969
46      -0.0409 1.8716  2.3878  2.7117
47      -0.0247 2.4828  2.9565  6.5806
48      0.4914  1.2072  3.3075  5.4127
49      -0.0734 3.0259  1.7618  3.2557
50      -0.0094 2.6395  3.3676  8.5386
51      -0.0109 2.6503  3.3395  8.3913
52      -0.0734 3.0259  1.7618  3.2557
53      -0.0103 2.7686  3.2899  8.7055
54      0.7664  0.9334  3.0743  5.1059
55      -0.0103 2.7686  3.2899  8.7055
56      -0.0117 2.6824  3.2630  8.3051
57      -0.0092 2.7425  3.2328  8.6758
58      -0.0686 2.7047  1.5823  2.6103
59      -0.0048 2.1869  3.3767  7.6468
60      -0.0103 2.7686  3.2899  8.7055
61      0.1841  1.3460  3.2031  5.6247
62      -0.0412 1.7806  0.1215  2.8795
63      -0.0414 1.7578  0.2594  2.6460
64      -0.0405 1.8192  0.0990  3.0094
65      -0.0388 1.5716  0.2362  2.6175
66      0.4507  0.5210  2.2406  4.3392
67      -0.0263 0.5434  0.5709  2.3184
68      -0.0106 0.0905  0.5114  3.3180
69      -0.0260 0.6006  0.5613  2.3643
70      -0.0340 1.0813  0.4491  2.3705
71      -0.0121 0.1136  1.0939  2.8274
72      -0.0345 1.2012  0.4744  2.4375
73      -0.0174 1.4968  1.2330  4.1145
74      -0.0121 0.0733  1.1192  2.7624
75      -0.0363 1.2995  0.4547  2.3913
76      -0.0405 1.8743  0.1319  3.0764
77      -0.0414 1.9702  0.1039  3.2446
78      -0.0410 1.8117  0.2465  2.8416
79      -0.0231 0.9192  0.7008  3.1182
80      -0.0418 1.9163  0.1167  3.0490
81      -0.2191 2.9330  -0.0762 -0.1317
82      -0.2117 2.8717  -0.0723 -0.1309
83      -0.2163 2.3438  -0.0800 -0.1433
84      -0.2117 2.8716  -0.0723 -0.1309
85      -0.2090 2.5213  -0.0731 -0.1374
86      -0.2426 2.7605  -0.0838 -0.1380
87      -0.2190 2.6942  -0.0792 -0.1367
88      -0.2357 2.7301  -0.0796 -0.1384
89      -0.2213 3.0811  -0.0904 -0.1295
90      -0.2115 3.0703  -0.0759 -0.1196
91      -0.1800 2.8339  -0.0405 -0.0983
92      -0.2138 3.2190  -0.0500 -0.0964
93      -0.1864 3.5478  -0.0477 -0.0814
94      -0.2028 2.9332  -0.0679 -0.1163
95      -0.2088 2.8300  -0.0708 -0.1265
96      -0.2164 3.3026  -0.0485 -0.0939
97      -0.2028 2.9332  -0.0679 -0.1163
98      -0.2026 2.9438  -0.0665 -0.1158
99      -0.2090 2.7927  -0.0707 -0.1251
100     -0.2119 3.0051  -0.0813 -0.1297
101     -0.1509 0.6838  -0.0019 -0.0928
102     -0.1356 1.3553  -0.0018 -0.0661
103     -0.1485 2.0423  -0.0118 -0.0510
104     -0.1558 1.1381  -0.0107 -0.0801
105     -0.1562 1.1267  -0.0103 -0.0810
106     -0.2230 3.0153  -0.0846 -0.1296
107     -0.0861 0.1087  0.9708  -0.0317
108     -0.0861 0.1087  0.9708  -0.0317
109     -0.0861 0.1087  0.9708  -0.0317
110     6.6331  -0.2078 1.8732  11.8754
111     6.6331  -0.2078 1.8732  11.8754
112     6.6331  -0.2078 1.8732  11.8754
113     6.7217  -0.2340 1.6894  12.0903
114     6.6331  -0.2078 1.8732  11.8754
115     6.6331  -0.2078 1.8732  11.8754
116     14.5208 -0.5376 0.1458  22.1523
117     6.6331  -0.2078 1.8732  11.8754
118     6.6331  -0.2078 1.8732  11.8754
119     2.3559  -0.0331 2.1494  6.3601
120     6.6331  -0.2078 1.8732  11.8754
121     14.5208 -0.5376 0.1458  22.1523
122     6.6331  -0.2078 1.8732  11.8754
123     2.3559  -0.0331 2.1494  6.3601
124     14.5208 -0.5376 0.1458  22.1523
125     6.4670  0.7510  -0.0575 16.0547
126     0.8543  1.8150  -0.0408 7.4851
127     0.8936  1.8344  -0.0424 7.4580
128     1.9332  2.0660  -0.0361 8.7306
129     2.0878  2.0039  -0.0305 8.9453
130     0.0821  -0.0004 -0.0627 6.6705
131     6.6165  0.6718  -0.0527 15.6809
132     6.6165  0.6718  -0.0527 15.6809
133     6.6261  0.7380  -0.0569 16.1112
134     2.6235  0.7719  -0.0157 8.3984
135     0.8168  1.2641  -0.0397 6.9588
136     0.8168  1.2641  -0.0397 6.9588
137     6.6165  0.6718  -0.0527 15.6809
138     0.8168  1.2641  -0.0397 6.9588
139     0.8592  1.8290  -0.0421 7.4605
140     3.1929  0.8912  -0.0476 11.2726
141     0.8476  1.8622  -0.0425 7.4573
142     1.6963  0.6195  1.9808  5.8272
143     1.6639  1.0564  -0.0024 6.3158
144     6.0492  0.6683  -0.0433 14.7381
145     1.9483  2.0723  -0.0365 8.7911
146     0.3705  1.5268  -0.0529 7.2665
147     6.4670  0.7510  -0.0575 16.0547
148     3.1929  0.8912  -0.0476 11.2726
149     0.9199  0.9981  -0.0182 6.0629
150     3.1778  0.8849  -0.0472 11.2120
151     1.8715  1.5020  -0.0338 8.2920
152     6.4670  0.7510  -0.0575 16.0547
153     6.6165  0.6718  -0.0527 15.6809
154     5.4140  -0.1359 1.1356  9.9251
155     4.5742  -0.0643 0.2882  9.1090
156     0.1718  0.5626  -0.0649 7.2213
157     6.4670  0.7510  -0.0575 16.0547
158     6.6165  0.6718  -0.0527 15.6809
159     6.8443  -0.0192 -0.0041 13.1131
160     1.8288  1.4252  -0.0346 8.3380
161     1.8715  1.5020  -0.0338 8.2920
162     6.6934  0.5342  -0.0521 15.5524
163     6.4670  0.7510  -0.0575 16.0547
164     1.8715  1.5020  -0.0338 8.2920
165     1.9483  2.0723  -0.0365 8.7911
166     0.6467  0.1081  -0.0523 6.9388
167     0.6591  -0.0023 -0.0293 5.7160
168     0.9141  0.9159  -0.0181 5.8777
169     1.9483  2.0723  -0.0365 8.7911
170     0.8592  1.8290  -0.0421 7.4605
171     1.9023  2.1001  -0.0366 8.7905
172     0.1169  0.5939  -0.0645 7.1840