0       -83.6304        -17.3943        -55.7778
1       -83.7968        -17.4728        -56.0155
2       -63.4501        -13.0614        -42.1719
3       -52.7300        -10.8410        -34.5072
4       -83.6304        -17.3943        -55.7778
5       -35.2363        -8.3176 -24.6125
6       -32.8709        -7.8497 -22.8909
7       -47.2451        -9.9999 -31.6190
8       -35.2363        -8.3176 -24.6125
9       -30.5718        -7.1402 -21.0854
10      -43.5599        -9.6736 -30.0028
11      -34.7520        -8.2245 -24.3339
12      -35.2363        -8.3176 -24.6125
13      -35.2363        -8.3176 -24.6125
14      -35.2820        -8.2913 -24.5477
15      -35.2363        -8.3176 -24.6125
16      -83.7968        -17.4728        -56.0155
17      -35.2363        -8.3176 -24.6125
18      -34.9702        -8.1151 -24.1885
19      -35.2363        -8.3176 -24.6125
20      -22.8053        -5.7326 -16.1053
21      -22.5284        -5.7108 -16.0546
22      -22.0030        -5.5731 -15.5976
23      -19.6051        -5.0123 -14.1532
24      -25.9305        -6.2679 -18.1623
25      -26.8657        -6.3153 -18.4961
26      -28.7749        -6.8697 -19.9003
27      -1.2530 -0.2852 -0.6978
28      -1.8690 -0.4321 -1.3107
29      -1.2530 -0.2852 -0.6978
30      -1.7748 -0.4738 -1.1852
31      -8.5396 -1.7526 -5.3990
32      -2.8627 -0.6809 -2.0786
33      -9.3064 -1.8472 -5.6477
34      -23.5631        -4.8607 -15.1826
35      -5.5652 -1.4644 -3.8301
36      -13.0596        -2.4426 -8.0099
37      -3.7886 -0.7859 -2.5514
38      -2.0486 -0.5159 -1.5217
39      -2.8627 -0.6809 -2.0786
40      -12.2726        -2.2968 -7.5532
41      -10.3046        -2.4516 -7.2188
42      -1.3126 -0.4012 -0.7989
43      -8.5396 -1.7526 -5.3990
44      -13.0596        -2.4426 -8.0099
45      -13.0596        -2.4426 -8.0099
46      -9.8168 -2.0051 -6.0365
47      -4.1775 -1.1197 -3.0660
48      -1.3126 -0.4012 -0.7989
49      -12.2726        -2.2968 -7.5532
50      -2.0209 -0.5041 -1.5716
51      -2.4411 -0.6058 -1.7803
52      -12.2726        -2.2968 -7.5532
53      -2.8627 -0.6809 -2.0786
54      -1.2530 -0.2852 -0.6978
55      -2.8627 -0.6809 -2.0786
56      -2.6555 -0.6798 -1.9237
57      -3.3702 -0.7718 -2.2931
58      -16.9360        -3.6233 -11.3095
59      -1.6849 -0.4731 -1.2634
60      -2.8627 -0.6809 -2.0786
61      -3.4306 -0.6754 -2.0203
62      -29.4969        -6.8099 -20.1233
63      -26.1695        -6.2215 -18.0270
64      -30.1893        -7.1225 -20.6593
65      -27.0205        -6.1136 -18.3835
66      -4.2562 -1.0729 -2.9138
67      -19.7646        -3.9570 -12.7461
68      -16.6148        -3.3980 -10.6046
69      -19.5331        -3.9260 -12.4406
70      -23.8143        -4.9720 -15.6252
71      -10.9939        -2.2924 -7.1093
72      -23.5043        -4.9485 -15.3494
73      -14.6234        -3.3909 -10.0981
74      -10.7424        -2.3949 -7.2060
75      -24.6024        -5.2413 -16.2862
76      -30.2515        -7.0969 -20.6877
77      -31.1424        -7.1627 -21.2572
78      -26.9801        -6.5374 -18.6291
79      -16.6763        -3.6861 -11.3711
80      -30.3318        -6.8467 -20.6550
81      -70.4817        -9.7554 -39.4473
82      -71.3763        -10.7768        -41.1219
83      -69.9859        -10.1915        -39.3004
84      -71.3763        -10.7768        -41.1219
85      -70.4146        -11.1976        -40.9334
86      -67.4083        -8.6299 -36.4816
87      -71.0186        -9.7352 -39.6885
88      -67.6888        -9.3842 -37.4926
89      -79.8976        -10.2482        -43.3234
90      -78.0799        -10.7654        -43.5601
91      -96.7036        -24.2711        -70.8693
92      -73.8217        -14.4512        -47.5649
93      -97.8618        -20.2738        -64.7986
94      -82.3629        -16.1107        -53.2130
95      -80.1111        -12.5254        -46.7537
96      -73.3034        -13.9322        -46.4415
97      -82.3629        -16.1107        -53.2130
98      -83.1006        -16.5259        -54.1027
99      -75.4898        -13.2011        -46.4334
100     -78.7327        -10.2289        -43.0272
101     -42.3601        -9.0063 -27.9719
102     -53.3332        -12.3879        -37.4243
103     -49.6452        -10.1324        -31.9328
104     -45.4905        -8.6557 -28.5013
105     -46.1634        -8.9084 -29.1765
106     -74.4571        -11.0176        -42.6930
107     -42.5157        -10.6260        -30.8023
108     -42.5157        -10.6260        -30.8023
109     -42.5157        -10.6260        -30.8023
110     -1.8559 -0.6225 -1.4326
111     -1.8559 -0.6225 -1.4326
112     -1.8559 -0.6225 -1.4326
113     -4.1248 -1.3976 -3.2066
114     -1.8559 -0.6225 -1.4326
115     -1.8559 -0.6225 -1.4326
116     -3.8639 -1.2185 -3.1564
117     -1.8559 -0.6225 -1.4326
118     -1.8559 -0.6225 -1.4326
119     -1.6557 -0.6334 -1.3553
120     -1.8559 -0.6225 -1.4326
121     -3.8639 -1.2185 -3.1564
122     -1.8559 -0.6225 -1.4326
123     -1.6557 -0.6334 -1.3553
124     -3.8639 -1.2185 -3.1564
125     -3.7635 -0.6403 -2.3159
126     -15.6784        -2.4130 -8.5639
127     -14.0561        -1.8062 -7.3277
128     -10.6843        -1.2032 -5.3319
129     -6.9032 -0.1711 -2.3842
130     -18.3685        -2.2684 -9.5832
131     -4.3865 -1.1062 -3.2017
132     -4.3865 -1.1062 -3.2017
133     -4.1640 -0.7675 -2.5614
134     -11.6594        -3.0701 -8.3511
135     -15.3103        -2.4873 -8.9523
136     -15.3103        -2.4873 -8.9523
137     -4.3865 -1.1062 -3.2017
138     -15.3103        -2.4873 -8.9523
139     -13.8159        -1.7198 -7.0734
140     -11.9622        -2.0757 -6.9367
141     -14.8508        -1.9167 -7.8039
142     -3.5916 -1.1349 -2.8758
143     -8.5430 -1.6366 -5.2580
144     -7.3375 -2.2639 -5.5434
145     -11.4801        -1.3839 -5.8333
146     -22.8841        -3.3499 -12.4760
147     -3.7635 -0.6403 -2.3159
148     -11.9622        -2.0757 -6.9367
149     -14.4606        -3.2463 -9.8150
150     -11.1624        -1.8929 -6.4462
151     -12.7490        -2.0765 -7.4078
152     -3.7635 -0.6403 -2.3159
153     -4.3865 -1.1062 -3.2017
154     -1.4012 -0.4755 -1.0373
155     -3.8906 -1.0365 -2.6779
156     -16.2753        -1.3281 -7.4650
157     -3.7635 -0.6403 -2.3159
158     -4.3865 -1.1062 -3.2017
159     -4.5612 -1.3734 -3.4083
160     -12.4598        -2.0464 -7.2342
161     -12.7490        -2.0765 -7.4078
162     -3.3061 -0.6885 -2.2775
163     -3.7635 -0.6403 -2.3159
164     -12.7490        -2.0765 -7.4078
165     -11.4801        -1.3839 -5.8333
166     -14.8578        -1.9018 -7.5253
167     -13.0488        -2.2778 -7.2749
168     -14.3329        -3.2187 -9.6727
169     -11.4801        -1.3839 -5.8333
170     -13.8159        -1.7198 -7.0734
171     -12.2777        -1.4950 -6.3039
172     -16.5443        -1.3196 -7.5880