0       -0.0226 -0.0140 5.2070  4.3946
1       -0.0227 -0.0141 5.2342  4.4027
2       -0.0185 -0.0108 4.0790  3.9248
3       -0.0186 -0.0127 4.2737  3.8753
4       -0.0227 -0.0141 5.2327  4.4036
5       -0.0151 -0.0120 3.4144  3.3438
6       -0.0142 -0.0114 3.1264  3.1666
7       -0.0179 -0.0151 4.2147  3.5131
8       -0.0151 -0.0120 3.4144  3.3438
9       -0.0138 -0.0114 3.0115  3.0678
10      -0.0175 -0.0148 4.1167  3.5017
11      -0.0151 -0.0120 3.4009  3.3274
12      -0.0151 -0.0120 3.4144  3.3438
13      -0.0151 -0.0120 3.4144  3.3438
14      -0.0151 -0.0121 3.4165  3.3385
15      -0.0151 -0.0120 3.4144  3.3438
16      -0.0228 -0.0141 5.2424  4.4055
17      -0.0151 -0.0120 3.4144  3.3438
18      -0.0150 -0.0120 3.3745  3.3072
19      -0.0151 -0.0120 3.4144  3.3438
20      -0.0120 -0.0119 2.5436  2.5567
21      -0.0119 -0.0120 2.5184  2.5021
22      -0.0118 -0.0119 2.4813  2.4782
23      -0.0114 -0.0120 2.3663  2.3477
24      -0.0126 -0.0119 2.7508  2.7869
25      -0.0133 -0.0121 2.9587  2.9496
26      -0.0130 -0.0119 2.8600  2.8903
27      -0.0052 -0.0102 0.4409  0.6183
28      -0.0055 -0.0093 0.4682  0.7713
29      -0.0055 -0.0104 0.5066  0.6337
30      -0.0054 -0.0098 0.4485  0.6781
31      -0.0080 -0.0059 1.0209  1.8508
32      -0.0060 -0.0072 0.5047  1.1063
33      -0.0078 -0.0059 0.9786  1.8090
34      -0.0121 -0.0080 2.3258  2.8401
35      -0.0064 -0.0064 0.5938  1.3354
36      -0.0087 -0.0058 1.2311  2.0877
37      -0.0063 -0.0071 0.5870  1.2186
38      -0.0058 -0.0078 0.4903  0.9991
39      -0.0060 -0.0072 0.5047  1.1063
40      -0.0083 -0.0057 1.1074  1.9732
41      -0.0072 -0.0060 0.8218  1.6391
42      -0.0053 -0.0100 0.4544  0.6532
43      -0.0080 -0.0059 1.0209  1.8508
44      -0.0087 -0.0058 1.2311  2.0877
45      -0.0087 -0.0058 1.2311  2.0877
46      -0.0561 -0.1002 16.3649 -0.0175
47      -0.0062 -0.0070 0.5499  1.1886
48      -0.0053 -0.0100 0.4544  0.6532
49      -0.0083 -0.0057 1.1074  1.9732
50      -0.0058 -0.0074 0.4557  1.0123
51      -0.0061 -0.0073 0.5515  1.1372
52      -0.0083 -0.0057 1.1074  1.9732
53      -0.0060 -0.0072 0.5047  1.1063
54      -0.0052 -0.0102 0.4409  0.6183
55      -0.0063 -0.0071 0.5717  1.1728
56      -0.0062 -0.0072 0.5485  1.1501
57      -0.0061 -0.0074 0.5414  1.1063
58      -0.0087 -0.0066 1.3015  2.0503
59      -0.0053 -0.0083 0.3121  0.7197
60      -0.0060 -0.0072 0.5047  1.1063
61      -0.0059 -0.0097 0.5869  0.7933
62      -0.0134 -0.0118 2.9708  3.0216
63      -0.0127 -0.0116 2.7578  2.8350
64      -0.0135 -0.0122 3.0308  3.0132
65      -0.0126 -0.0117 2.7481  2.8133
66      -0.0061 -0.0107 0.7209  0.8347
67      -0.0104 -0.0112 2.0433  2.1544
68      -0.0092 -0.0117 1.7021  1.6861
69      -0.0105 -0.0112 2.0999  2.2131
70      -0.0111 -0.0110 2.2679  2.4257
71      -0.0081 -0.0111 1.3371  1.4109
72      -0.0111 -0.0109 2.2616  2.4417
73      -0.0089 -0.0104 1.5641  1.7689
74      -0.0079 -0.0112 1.2853  1.3498
75      -0.0118 -0.0113 2.4969  2.6276
76      -0.0136 -0.0121 3.0434  3.0431
77      -0.0140 -0.0123 3.1634  3.1436
78      -0.0131 -0.0119 2.8825  2.9080
79      -0.0098 -0.0115 1.8880  1.9271
80      -0.0136 -0.0119 3.0387  3.0706
81      -0.0168 -0.0061 3.3327  4.1083
82      -0.0166 -0.0062 3.2974  4.0500
83      -0.0164 -0.0063 3.2677  4.0435
84      -0.0166 -0.0062 3.2974  4.0500
85      -0.0162 -0.0066 3.2598  4.0123
86      -0.0158 -0.0022 2.6261  3.9204
87      -0.0167 -0.0060 3.3054  4.0812
88      -0.0152 -0.0026 2.5667  3.8182
89      -0.0211 -0.0071 4.3181  4.7183
90      -0.0208 -0.0080 4.3519  4.6613
91      -0.0135 -0.0064 2.5977  3.4563
92      -0.0125 -0.0028 1.9714  3.2722
93      -0.0182 -0.0084 3.8284  4.1729
94      -0.0160 -0.0071 3.2459  3.9257
95      -0.0180 -0.0070 3.6013  4.1545
96      -0.0129 -0.0028 2.0308  3.3076
97      -0.0160 -0.0071 3.2459  3.9257
98      -0.0159 -0.0071 3.2459  3.9193
99      -0.0165 -0.0068 3.3502  4.0276
100     -0.0200 -0.0074 4.1450  4.5540
101     -0.0112 -0.0076 2.1217  2.8558
102     -0.0122 -0.0084 2.4657  3.0830
103     -0.0152 -0.0047 2.3637  3.0807
104     -0.0129 -0.0084 2.6156  3.1940
105     -0.0129 -0.0084 2.6225  3.2033
106     -0.0171 -0.0058 3.3626  4.1394
107     -0.0098 -0.0074 1.7624  2.5496
108     -0.0098 -0.0074 1.7624  2.5496
109     -0.0098 -0.0074 1.7624  2.5496
110     -0.0060 -0.0125 0.7170  0.4713
111     -0.0060 -0.0125 0.7170  0.4713
112     -0.0060 -0.0125 0.7170  0.4713
113     5.7651  -0.2953 -0.0334 -0.3849
114     -0.0060 -0.0125 0.7170  0.4713
115     -0.0060 -0.0125 0.7170  0.4713
116     0.0180  -0.0565 1.2204  -0.0428
117     -0.0060 -0.0125 0.7170  0.4713
118     -0.0060 -0.0125 0.7170  0.4713
119     -0.0059 -0.0119 0.6742  0.5307
120     -0.0060 -0.0125 0.7170  0.4713
121     0.0180  -0.0565 1.2204  -0.0428
122     -0.0060 -0.0125 0.7170  0.4713
123     -0.0059 -0.0119 0.6742  0.5307
124     0.0180  -0.0565 1.2204  -0.0428
125     -0.0097 -0.0163 1.8983  0.9770
126     -0.0142 -0.0185 3.2847  1.9999
127     -0.0144 -0.0186 3.3510  2.0371
128     -0.0134 -0.0188 3.0491  1.6873
129     -0.0116 -0.0173 2.4762  1.3701
130     -0.0147 -0.0183 3.4302  2.1796
131     -0.0092 -0.0160 1.7615  0.8891
132     -0.0092 -0.0160 1.7615  0.8891
133     -0.0095 -0.0161 1.8388  0.9440
134     -0.0103 -0.0164 2.0884  1.1582
135     -0.0138 -0.0185 3.1783  1.9002
136     -0.0138 -0.0185 3.1783  1.9002
137     -0.0092 -0.0160 1.7615  0.8891
138     -0.0138 -0.0185 3.1783  1.9002
139     -0.0143 -0.0186 3.3209  2.0177
140     -0.0121 -0.0175 2.6546  1.5381
141     -0.0145 -0.0186 3.3784  2.0745
142     -0.0059 -0.0115 0.6721  0.6302
143     -0.0096 -0.0162 1.8748  0.9837
144     -0.0090 -0.0157 1.6778  0.8643
145     -0.0134 -0.0188 3.0664  1.7106
146     -0.0158 -0.0184 3.7461  2.4858
147     -0.0097 -0.0163 1.8983  0.9770
148     -0.0121 -0.0175 2.6546  1.5381
149     -0.0133 -0.0175 3.0178  1.9217
150     -0.0121 -0.0175 2.6373  1.5148
151     -0.0128 -0.0186 2.8937  1.5737
152     -0.0097 -0.0163 1.8983  0.9770
153     -0.0092 -0.0160 1.7615  0.8891
154     -0.0056 -0.0109 0.5660  0.6272
155     -0.0073 -0.0133 1.1152  0.7223
156     -0.0154 -0.0185 3.6200  2.3213
157     -0.0097 -0.0163 1.8983  0.9770
158     -0.0092 -0.0160 1.7615  0.8891
159     -0.0070 -0.0136 1.0535  0.6186
160     -0.0128 -0.0186 2.8718  1.5527
161     -0.0128 -0.0186 2.8937  1.5737
162     -0.0089 -0.0159 1.6575  0.8114
163     -0.0097 -0.0163 1.8983  0.9770
164     -0.0128 -0.0186 2.8937  1.5737
165     -0.0134 -0.0188 3.0664  1.7106
166     -0.0136 -0.0183 3.1048  1.8534
167     -0.0117 -0.0170 2.5124  1.4805
168     -0.0119 -0.0172 2.5753  1.5267
169     -0.0134 -0.0188 3.0664  1.7106
170     -0.0143 -0.0186 3.3209  2.0177
171     -0.0135 -0.0187 3.0938  1.7479
172     -0.0155 -0.0186 3.6519  2.3515